150
1 101 17
2 505 570
3 50 618
4 294 593
5 127 303
6 394 524
7 523 196
8 28 306
9 138 265
10 33 197
11 179 293
12 536 151
13 266 489
14 196 322
15 604 69
16 236 253
17 679 500
18 458 51
19 291 441
20 187 88
21 399 495
22 236 386
23 130 65
24 409 418
25 582 279
26 642 365
27 430 289
28 99 3
29 268 538
30 402 419
31 218 270
32 205 112
33 6 680
34 109 567
35 246 60
36 45 529
37 406 565
38 20 458
39 533 311
40 54 594
41 274 479
42 615 11
43 670 188
44 562 155
45 400 550
46 261 654
47 214 650
48 422 53
49 60 562
50 141 303
51 16 299
52 525 309
53 295 225
54 226 590
55 159 14
56 353 348
57 642 267
58 620 666
59 675 216
60 276 251
61 240 351
62 403 660
63 415 517
64 476 302
65 691 109
66 395 127
67 196 658
68 151 643
69 232 304
70 150 327
71 464 274
72 267 261
73 590 127
74 107 675
75 224 182
76 86 183
77 442 293
78 602 440
79 146 79
80 567 385
81 581 294
82 165 514
83 243 97
84 271 315
85 372 269
86 497 500
87 653 251
88 556 666
89 454 286
90 526 470
91 318 227
92 492 316
93 5 115
94 42 60
95 19 388
96 170 272
97 640 576
98 285 101
99 80 543
100 152 673
101 222 360
102 146 22
103 118 240
104 407 410
105 566 656
106 32 322
107 464 441
108 374 649
109 157 349
110 537 281
111 192 131
112 183 401
113 146 135
114 363 324
115 344 178
116 587 469
117 504 186
118 349 609
119 554 23
120 689 397
121 42 605
122 110 356
123 694 557
124 548 241
125 29 15
126 209 410
127 384 306
128 132 19
129 10 524
130 661 426
131 667 64
132 496 40
133 405 375
134 362 308
135 246 139
136 330 415
137 66 343
138 462 188
139 382 119
140 57 414
141 459 482
142 237 613
143 361 287
144 698 518
145 603 567
146 481 564
147 276 587
148 427 44
149 77 689
150 538 532
