3000
1 122 587
2 431 123
3 732 220
4 158 609
5 227 112
6 523 616
7 880 320
8 446 434
9 188 150
10 185 432
11 719 584
12 465 105
13 963 121
14 903 644
15 255 232
16 848 307
17 255 690
18 384 252
19 337 555
20 398 260
21 130 500
22 105 154
23 671 793
24 128 158
25 416 715
26 174 268
27 390 629
28 556 329
29 805 509
30 337 361
31 813 89
32 973 410
33 298 458
34 747 272
35 700 282
36 580 110
37 281 238
38 808 462
39 773 808
40 184 269
41 1036 603
42 423 566
43 206 75
44 959 745
45 289 193
46 263 616
47 685 329
48 922 414
49 232 488
50 595 236
51 706 317
52 132 466
53 362 338
54 863 182
55 599 191
56 51 435
57 212 251
58 72 545
59 419 480
60 581 381
61 866 378
62 86 502
63 1034 716
64 244 275
65 499 736
66 637 612
67 302 104
68 186 355
69 1027 277
70 455 327
71 417 339
72 85 837
73 116 383
74 355 354
75 352 454
76 148 570
77 555 124
78 321 134
79 1049 86
80 943 526
81 281 740
82 91 427
83 285 366
84 858 151
85 639 682
86 910 84
87 158 119
88 378 469
89 584 218
90 1006 269
91 609 50
92 134 210
93 330 730
94 852 238
95 541 218
96 919 706
97 565 778
98 843 150
99 482 293
100 927 97
101 513 102
102 70 306
103 619 481
104 853 793
105 764 800
106 668 725
107 819 664
108 832 635
109 482 520
110 996 479
111 203 718
112 287 803
113 954 422
114 505 153
115 122 543
116 111 54
117 55 668
118 278 693
119 115 68
120 748 548
121 188 646
122 65 303
123 954 684
124 861 552
125 462 571
126 620 368
127 822 741
128 1012 69
129 630 267
130 327 199
131 600 466
132 84 232
133 332 128
134 719 496
135 826 371
136 313 746
137 1020 543
138 650 239
139 833 546
140 50 365
141 116 326
142 888 531
143 563 402
144 306 92
145 228 749
146 747 565
147 489 240
148 618 685
149 252 487
150 855 440
151 1006 708
152 312 448
153 80 95
154 426 648
155 205 206
156 580 734
157 551 285
158 580 349
159 502 203
160 509 284
161 871 673
162 944 791
163 481 334
164 1007 471
165 883 452
166 737 737
167 520 521
168 391 664
169 749 507
170 421 79
171 601 516
172 789 815
173 123 661
174 701 97
175 930 642
176 920 538
177 941 794
178 682 768
179 331 193
180 485 796
181 372 299
182 825 830
183 503 151
184 528 327
185 589 742
186 632 568
187 642 791
188 193 149
189 524 257
190 478 629
191 619 620
192 816 200
193 881 396
194 814 453
195 499 731
196 113 271
197 605 593
198 572 548
199 93 195
200 777 610
201 501 309
202 262 630
203 539 669
204 814 450
205 1038 534
206 819 458
207 1039 445
208 474 700
209 391 396
210 767 154
211 919 305
212 359 389
213 457 714
214 149 711
215 582 479
216 972 92
217 817 699
218 435 254
219 513 488
220 878 172
221 845 167
222 585 439
223 695 201
224 671 457
225 122 717
226 529 210
227 864 759
228 915 432
229 660 104
230 776 154
231 415 224
232 133 233
233 942 301
234 259 68
235 464 750
236 614 422
237 141 616
238 371 462
239 969 132
240 854 483
241 592 452
242 249 802
243 124 576
244 440 389
245 634 770
246 417 370
247 363 218
248 250 509
249 750 222
250 955 379
251 739 673
252 234 676
253 954 238
254 869 68
255 481 738
256 769 382
257 1004 708
258 697 477
259 639 610
260 723 505
261 95 841
262 613 450
263 135 320
264 877 173
265 591 290
266 278 184
267 158 470
268 301 826
269 536 685
270 627 748
271 354 87
272 822 527
273 994 610
274 928 729
275 308 240
276 528 191
277 631 147
278 623 800
279 751 808
280 995 651
281 987 814
282 232 78
283 710 609
284 941 157
285 395 567
286 850 59
287 793 439
288 199 232
289 286 561
290 623 231
291 624 381
292 859 363
293 702 500
294 227 350
295 534 69
296 568 269
297 536 149
298 261 562
299 926 54
300 132 607
301 847 258
302 485 517
303 73 533
304 656 671
305 212 165
306 939 382
307 1006 127
308 800 401
309 201 830
310 78 752
311 800 394
312 1008 838
313 616 203
314 970 88
315 580 105
316 439 726
317 320 194
318 944 317
319 495 839
320 191 71
321 792 627
322 673 144
323 371 360
324 234 229
325 546 456
326 187 619
327 586 845
328 158 393
329 593 645
330 490 244
331 281 686
332 234 789
333 418 522
334 391 824
335 990 415
336 958 468
337 382 494
338 285 402
339 698 173
340 734 764
341 1046 131
342 1006 579
343 240 576
344 311 493
345 773 279
346 321 793
347 883 761
348 704 176
349 849 750
350 791 138
351 451 402
352 786 826
353 290 362
354 897 215
355 888 226
356 736 232
357 161 581
358 715 300
359 941 760
360 263 195
361 82 531
362 764 348
363 486 477
364 247 155
365 242 643
366 411 486
367 362 148
368 175 621
369 552 476
370 731 789
371 969 507
372 68 127
373 775 130
374 751 217
375 550 265
376 234 672
377 394 528
378 286 240
379 301 304
380 105 683
381 1047 412
382 71 386
383 93 570
384 353 194
385 972 344
386 102 733
387 424 716
388 581 756
389 797 205
390 709 479
391 214 135
392 588 697
393 331 255
394 667 682
395 1013 388
396 931 498
397 629 462
398 920 335
399 563 374
400 467 716
401 675 144
402 982 198
403 449 681
404 137 91
405 61 282
406 729 753
407 417 166
408 528 449
409 600 310
410 784 222
411 161 302
412 408 646
413 864 172
414 417 484
415 494 732
416 426 670
417 975 699
418 648 642
419 105 582
420 578 712
421 84 510
422 256 132
423 493 378
424 315 364
425 924 361
426 335 192
427 206 323
428 982 186
429 613 138
430 790 211
431 506 834
432 522 142
433 117 586
434 295 326
435 212 791
436 412 752
437 655 76
438 221 332
439 700 759
440 329 750
441 509 170
442 934 355
443 319 533
444 55 578
445 830 509
446 644 240
447 348 91
448 463 688
449 865 531
450 167 709
451 789 495
452 301 325
453 624 760
454 68 765
455 50 785
456 358 731
457 566 240
458 953 732
459 913 825
460 56 274
461 201 664
462 965 784
463 600 507
464 893 502
465 424 170
466 172 84
467 776 580
468 727 221
469 485 215
470 145 650
471 532 155
472 213 327
473 323 524
474 490 638
475 191 611
476 1045 158
477 168 848
478 247 199
479 985 821
480 447 565
481 100 289
482 307 839
483 522 232
484 536 75
485 312 284
486 529 328
487 725 427
488 331 551
489 968 500
490 935 446
491 382 294
492 817 506
493 137 792
494 878 425
495 396 799
496 522 194
497 762 719
498 863 209
499 1031 272
500 466 451
501 734 508
502 975 234
503 578 499
504 108 429
505 849 412
506 699 560
507 105 440
508 1033 603
509 70 548
510 700 393
511 228 651
512 114 720
513 631 165
514 796 103
515 682 241
516 273 409
517 156 170
518 951 741
519 166 296
520 868 431
521 481 86
522 899 615
523 1013 364
524 842 308
525 501 809
526 87 412
527 318 206
528 75 563
529 805 761
530 175 157
531 120 669
532 427 225
533 821 315
534 741 557
535 670 607
536 343 128
537 702 153
538 561 184
539 214 469
540 693 345
541 344 730
542 826 726
543 413 604
544 144 543
545 890 223
546 603 327
547 204 809
548 626 560
549 132 65
550 742 533
551 630 714
552 120 820
553 515 182
554 427 215
555 79 393
556 433 638
557 181 300
558 874 202
559 78 841
560 934 744
561 352 138
562 148 248
563 835 297
564 195 409
565 55 819
566 365 402
567 769 542
568 732 320
569 420 515
570 517 375
571 316 410
572 689 119
573 342 306
574 329 237
575 836 297
576 210 290
577 573 142
578 470 100
579 840 560
580 58 175
581 768 322
582 247 792
583 451 239
584 711 470
585 693 660
586 161 429
587 299 254
588 648 376
589 297 352
590 165 82
591 1044 656
592 301 194
593 331 415
594 694 673
595 328 628
596 771 712
597 925 549
598 950 795
599 594 273
600 693 588
601 482 60
602 933 813
603 893 71
604 859 278
605 249 619
606 586 719
607 353 210
608 230 474
609 1040 563
610 719 737
611 918 488
612 713 823
613 233 397
614 736 366
615 375 663
616 489 84
617 336 239
618 444 394
619 792 362
620 694 100
621 906 230
622 434 470
623 72 355
624 663 768
625 654 123
626 797 376
627 327 415
628 113 817
629 104 624
630 176 197
631 296 183
632 505 68
633 249 833
634 154 793
635 160 603
636 668 405
637 535 454
638 643 763
639 189 214
640 61 487
641 1035 205
642 141 316
643 479 431
644 231 840
645 685 577
646 1019 502
647 89 291
648 119 271
649 202 328
650 180 430
651 776 846
652 131 191
653 894 62
654 616 467
655 698 481
656 532 163
657 690 700
658 329 479
659 729 522
660 951 370
661 846 597
662 772 211
663 917 689
664 63 394
665 455 725
666 925 668
667 333 407
668 213 790
669 258 642
670 654 338
671 62 406
672 816 73
673 262 285
674 623 405
675 857 133
676 900 353
677 598 415
678 663 176
679 137 403
680 767 455
681 796 158
682 657 56
683 690 681
684 1039 236
685 863 391
686 127 204
687 203 363
688 629 523
689 997 291
690 1019 435
691 580 533
692 500 331
693 121 532
694 784 195
695 344 191
696 505 732
697 1030 694
698 261 118
699 340 602
700 900 726
701 505 64
702 585 564
703 582 722
704 78 607
705 466 610
706 1040 589
707 534 140
708 185 323
709 579 327
710 1020 542
711 631 327
712 651 763
713 287 434
714 932 361
715 366 156
716 746 361
717 844 482
718 256 319
719 218 384
720 496 760
721 513 527
722 145 695
723 906 127
724 800 542
725 888 716
726 877 53
727 833 512
728 782 698
729 412 101
730 698 166
731 317 613
732 931 216
733 164 768
734 830 224
735 491 489
736 751 458
737 294 382
738 173 804
739 412 290
740 220 174
741 868 88
742 1034 541
743 227 510
744 657 556
745 930 612
746 531 128
747 980 615
748 524 759
749 1005 751
750 57 812
751 726 577
752 214 489
753 516 705
754 333 265
755 514 744
756 851 392
757 699 414
758 724 714
759 441 213
760 279 229
761 787 257
762 340 685
763 312 311
764 393 186
765 435 193
766 500 503
767 479 668
768 99 393
769 905 750
770 895 154
771 677 679
772 55 65
773 929 819
774 441 240
775 478 473
776 475 90
777 516 563
778 552 191
779 861 458
780 86 597
781 194 397
782 163 564
783 385 846
784 80 62
785 104 729
786 126 106
787 883 690
788 533 172
789 858 362
790 532 354
791 830 221
792 690 413
793 338 587
794 875 778
795 1030 722
796 382 316
797 534 228
798 1043 632
799 713 330
800 418 157
801 845 597
802 974 366
803 656 732
804 321 605
805 882 663
806 697 501
807 518 407
808 224 228
809 975 128
810 593 227
811 95 804
812 806 420
813 227 509
814 319 663
815 754 678
816 605 89
817 812 662
818 548 825
819 616 283
820 214 616
821 85 527
822 557 253
823 826 313
824 929 546
825 1009 547
826 207 510
827 525 147
828 162 384
829 677 745
830 587 548
831 177 724
832 492 710
833 641 721
834 203 576
835 501 641
836 410 129
837 567 229
838 299 685
839 949 249
840 168 619
841 642 714
842 440 143
843 220 469
844 158 228
845 792 414
846 548 437
847 497 778
848 317 88
849 968 313
850 503 535
851 790 323
852 791 221
853 964 654
854 103 474
855 635 265
856 826 627
857 472 360
858 296 265
859 479 797
860 165 772
861 256 239
862 564 219
863 511 730
864 962 771
865 149 835
866 253 626
867 117 757
868 858 462
869 689 157
870 645 727
871 161 606
872 875 590
873 389 658
874 652 641
875 59 511
876 589 660
877 674 817
878 921 365
879 383 569
880 879 187
881 196 98
882 215 132
883 830 171
884 527 266
885 80 230
886 674 218
887 635 269
888 455 849
889 415 763
890 911 458
891 547 686
892 680 328
893 56 791
894 879 765
895 692 187
896 786 693
897 218 490
898 275 546
899 886 313
900 401 708
901 926 830
902 481 340
903 820 808
904 345 846
905 313 216
906 181 377
907 180 511
908 539 245
909 831 374
910 256 95
911 954 404
912 774 355
913 241 400
914 805 575
915 744 243
916 269 464
917 175 408
918 278 316
919 825 452
920 767 763
921 150 124
922 995 162
923 977 839
924 209 301
925 195 673
926 170 521
927 342 248
928 790 475
929 318 487
930 119 400
931 553 685
932 535 482
933 440 617
934 878 420
935 829 756
936 107 843
937 740 795
938 547 313
939 615 216
940 200 614
941 1041 300
942 296 461
943 116 475
944 591 208
945 293 516
946 847 393
947 221 411
948 59 303
949 987 708
950 571 161
951 325 270
952 738 690
953 206 554
954 243 689
955 729 359
956 506 435
957 875 492
958 343 735
959 479 465
960 709 310
961 979 826
962 568 94
963 535 432
964 693 585
965 454 510
966 315 134
967 988 293
968 759 356
969 856 508
970 759 478
971 140 840
972 652 72
973 559 724
974 346 629
975 275 813
976 539 738
977 346 381
978 479 482
979 931 322
980 168 262
981 467 649
982 578 776
983 63 748
984 72 277
985 166 550
986 1001 54
987 563 271
988 698 665
989 791 473
990 413 193
991 813 613
992 150 678
993 591 450
994 1030 73
995 1031 195
996 385 409
997 695 540
998 323 187
999 730 537
1000 543 730
1001 363 347
1002 479 523
1003 411 368
1004 95 379
1005 177 270
1006 516 599
1007 697 75
1008 211 632
1009 343 252
1010 483 841
1011 156 776
1012 996 694
1013 679 488
1014 1009 115
1015 96 158
1016 633 518
1017 901 687
1018 604 178
1019 95 799
1020 385 544
1021 463 519
1022 156 748
1023 914 373
1024 579 714
1025 1020 160
1026 194 532
1027 400 261
1028 149 337
1029 749 644
1030 491 195
1031 1005 273
1032 874 76
1033 695 151
1034 717 286
1035 884 399
1036 866 62
1037 823 89
1038 239 820
1039 581 405
1040 317 626
1041 355 97
1042 109 799
1043 671 175
1044 175 606
1045 367 225
1046 218 64
1047 470 676
1048 918 482
1049 1013 134
1050 508 68
1051 542 342
1052 463 520
1053 715 279
1054 780 579
1055 925 512
1056 636 131
1057 585 243
1058 298 221
1059 804 280
1060 568 818
1061 376 149
1062 292 221
1063 790 556
1064 272 444
1065 259 209
1066 815 824
1067 72 70
1068 787 114
1069 1033 758
1070 396 172
1071 535 810
1072 875 658
1073 208 203
1074 796 163
1075 436 117
1076 938 672
1077 675 563
1078 228 463
1079 722 829
1080 309 76
1081 757 171
1082 162 205
1083 414 181
1084 228 624
1085 179 73
1086 805 484
1087 1014 743
1088 999 209
1089 846 508
1090 1024 389
1091 754 601
1092 986 699
1093 630 816
1094 862 330
1095 502 139
1096 721 743
1097 303 201
1098 375 120
1099 469 117
1100 772 119
1101 727 292
1102 298 543
1103 71 587
1104 116 85
1105 181 251
1106 168 86
1107 307 666
1108 803 185
1109 724 191
1110 975 641
1111 157 298
1112 784 738
1113 197 477
1114 492 397
1115 441 219
1116 728 185
1117 64 796
1118 207 560
1119 973 234
1120 349 339
1121 1003 187
1122 66 107
1123 635 683
1124 707 717
1125 712 405
1126 50 489
1127 676 141
1128 533 688
1129 99 126
1130 956 671
1131 917 283
1132 588 748
1133 266 772
1134 881 396
1135 69 823
1136 608 318
1137 515 688
1138 770 184
1139 661 543
1140 124 396
1141 264 165
1142 107 342
1143 278 170
1144 285 773
1145 661 125
1146 771 387
1147 326 73
1148 803 131
1149 664 657
1150 66 390
1151 323 296
1152 887 298
1153 264 847
1154 666 240
1155 669 684
1156 291 616
1157 967 835
1158 671 155
1159 264 404
1160 476 149
1161 688 176
1162 638 429
1163 183 697
1164 635 242
1165 232 374
1166 624 179
1167 394 560
1168 231 811
1169 880 683
1170 344 168
1171 872 548
1172 188 439
1173 841 420
1174 400 653
1175 541 126
1176 902 724
1177 774 395
1178 520 240
1179 253 383
1180 798 589
1181 365 615
1182 295 679
1183 198 66
1184 819 662
1185 774 217
1186 359 52
1187 321 252
1188 874 555
1189 497 283
1190 676 608
1191 1026 189
1192 463 374
1193 124 673
1194 493 257
1195 851 815
1196 945 840
1197 483 825
1198 682 150
1199 716 755
1200 473 125
1201 413 524
1202 747 551
1203 117 232
1204 938 698
1205 749 476
1206 735 455
1207 610 614
1208 122 432
1209 382 646
1210 194 564
1211 118 828
1212 183 664
1213 734 543
1214 109 723
1215 928 759
1216 819 150
1217 395 825
1218 273 790
1219 144 157
1220 233 55
1221 696 764
1222 699 343
1223 410 747
1224 556 309
1225 457 783
1226 970 604
1227 785 764
1228 374 591
1229 402 814
1230 1044 819
1231 829 675
1232 638 787
1233 307 243
1234 996 52
1235 973 557
1236 312 215
1237 838 623
1238 686 164
1239 933 609
1240 833 536
1241 415 399
1242 617 430
1243 505 769
1244 1040 291
1245 883 281
1246 523 73
1247 95 841
1248 574 522
1249 169 302
1250 760 375
1251 185 780
1252 334 332
1253 739 648
1254 635 289
1255 472 156
1256 429 496
1257 797 570
1258 187 189
1259 81 769
1260 834 743
1261 661 757
1262 311 650
1263 179 638
1264 559 334
1265 73 95
1266 58 368
1267 447 368
1268 133 459
1269 291 155
1270 623 67
1271 822 624
1272 108 654
1273 928 133
1274 845 223
1275 150 782
1276 968 719
1277 444 692
1278 411 522
1279 941 597
1280 420 500
1281 919 441
1282 460 406
1283 180 588
1284 931 361
1285 474 828
1286 605 734
1287 820 305
1288 601 615
1289 770 836
1290 850 133
1291 876 413
1292 606 591
1293 412 397
1294 148 828
1295 712 324
1296 1034 494
1297 662 304
1298 373 315
1299 459 404
1300 866 281
1301 900 576
1302 825 133
1303 558 82
1304 617 656
1305 896 105
1306 126 70
1307 390 322
1308 631 476
1309 161 369
1310 764 405
1311 601 382
1312 477 626
1313 236 121
1314 166 276
1315 729 699
1316 231 399
1317 909 507
1318 527 557
1319 471 809
1320 720 667
1321 407 650
1322 717 532
1323 600 689
1324 448 296
1325 575 247
1326 593 489
1327 283 694
1328 1017 754
1329 740 72
1330 173 373
1331 233 534
1332 333 799
1333 673 512
1334 811 681
1335 995 553
1336 649 318
1337 385 507
1338 476 836
1339 1039 446
1340 789 713
1341 634 80
1342 278 652
1343 979 514
1344 698 164
1345 322 207
1346 60 401
1347 608 314
1348 665 61
1349 221 643
1350 554 783
1351 559 421
1352 570 140
1353 180 367
1354 638 714
1355 727 797
1356 1034 146
1357 798 594
1358 920 849
1359 564 532
1360 523 667
1361 146 740
1362 474 541
1363 657 633
1364 760 478
1365 579 536
1366 527 656
1367 735 754
1368 53 89
1369 163 666
1370 927 313
1371 483 833
1372 539 215
1373 735 496
1374 794 556
1375 515 546
1376 529 748
1377 273 731
1378 704 364
1379 177 776
1380 979 276
1381 952 52
1382 415 643
1383 726 517
1384 935 601
1385 665 433
1386 252 230
1387 551 256
1388 587 748
1389 569 287
1390 768 467
1391 748 382
1392 400 297
1393 937 583
1394 572 371
1395 611 411
1396 609 693
1397 440 267
1398 197 378
1399 665 272
1400 964 449
1401 340 679
1402 576 196
1403 673 300
1404 295 70
1405 881 562
1406 702 472
1407 234 541
1408 787 391
1409 911 476
1410 97 166
1411 164 774
1412 693 84
1413 720 688
1414 1021 394
1415 1003 136
1416 375 803
1417 694 817
1418 791 296
1419 58 283
1420 787 183
1421 409 766
1422 305 207
1423 513 211
1424 1008 603
1425 615 239
1426 563 697
1427 744 253
1428 338 581
1429 746 311
1430 387 390
1431 601 417
1432 94 501
1433 869 482
1434 302 198
1435 985 639
1436 618 85
1437 622 598
1438 860 494
1439 278 468
1440 497 312
1441 253 435
1442 895 95
1443 250 116
1444 901 508
1445 123 565
1446 635 164
1447 318 495
1448 323 650
1449 660 398
1450 663 849
1451 823 781
1452 938 307
1453 749 558
1454 411 71
1455 965 532
1456 107 498
1457 109 733
1458 312 428
1459 214 574
1460 578 430
1461 664 733
1462 634 789
1463 951 229
1464 115 566
1465 1007 170
1466 992 446
1467 747 250
1468 429 644
1469 96 795
1470 226 782
1471 601 294
1472 938 125
1473 52 160
1474 594 54
1475 969 465
1476 156 749
1477 979 515
1478 67 592
1479 263 345
1480 625 173
1481 673 681
1482 77 417
1483 110 440
1484 400 127
1485 653 848
1486 958 473
1487 70 640
1488 825 269
1489 420 528
1490 441 271
1491 167 640
1492 953 655
1493 489 380
1494 387 295
1495 235 574
1496 883 548
1497 984 128
1498 792 430
1499 327 315
1500 599 309
1501 382 98
1502 194 218
1503 801 212
1504 958 535
1505 898 354
1506 922 300
1507 235 542
1508 611 167
1509 407 539
1510 956 303
1511 126 807
1512 819 525
1513 807 450
1514 391 504
1515 1008 249
1516 877 795
1517 928 196
1518 354 613
1519 126 56
1520 963 461
1521 531 777
1522 184 640
1523 834 288
1524 439 617
1525 79 373
1526 156 443
1527 277 393
1528 350 446
1529 946 835
1530 93 211
1531 485 805
1532 288 326
1533 184 362
1534 811 751
1535 456 510
1536 901 709
1537 833 794
1538 495 256
1539 951 730
1540 961 745
1541 479 829
1542 86 416
1543 76 473
1544 608 778
1545 429 600
1546 1031 629
1547 827 83
1548 322 649
1549 209 169
1550 520 172
1551 316 732
1552 488 562
1553 474 296
1554 196 704
1555 534 128
1556 708 667
1557 121 712
1558 527 754
1559 494 297
1560 796 101
1561 148 820
1562 1015 112
1563 822 374
1564 120 824
1565 662 724
1566 229 336
1567 133 164
1568 1039 840
1569 272 647
1570 90 371
1571 469 455
1572 765 212
1573 299 456
1574 202 197
1575 1015 302
1576 792 195
1577 507 236
1578 251 441
1579 937 772
1580 101 423
1581 645 704
1582 142 110
1583 352 683
1584 367 571
1585 713 588
1586 581 622
1587 605 96
1588 960 742
1589 800 436
1590 539 684
1591 260 188
1592 790 632
1593 1014 83
1594 927 835
1595 120 687
1596 343 490
1597 288 832
1598 1048 699
1599 784 293
1600 972 96
1601 255 266
1602 769 549
1603 973 610
1604 217 423
1605 419 158
1606 846 795
1607 409 743
1608 683 409
1609 529 317
1610 933 131
1611 576 172
1612 432 373
1613 517 808
1614 126 683
1615 562 710
1616 426 361
1617 440 54
1618 827 619
1619 279 416
1620 148 586
1621 778 346
1622 576 168
1623 81 419
1624 779 600
1625 864 383
1626 635 333
1627 269 656
1628 125 189
1629 855 685
1630 756 849
1631 697 321
1632 997 812
1633 1030 483
1634 334 693
1635 111 270
1636 692 451
1637 280 252
1638 1004 165
1639 848 516
1640 969 203
1641 335 76
1642 412 724
1643 810 173
1644 1018 372
1645 1049 738
1646 543 418
1647 58 204
1648 872 60
1649 487 326
1650 710 791
1651 434 127
1652 222 775
1653 856 409
1654 462 710
1655 723 349
1656 874 485
1657 554 89
1658 492 557
1659 1020 472
1660 890 816
1661 97 92
1662 1026 625
1663 657 410
1664 624 557
1665 589 81
1666 680 612
1667 611 137
1668 934 456
1669 672 612
1670 762 385
1671 54 452
1672 378 730
1673 101 153
1674 912 460
1675 278 613
1676 251 740
1677 490 782
1678 329 659
1679 593 606
1680 569 595
1681 390 315
1682 54 209
1683 543 190
1684 296 700
1685 1019 146
1686 637 136
1687 620 779
1688 1029 510
1689 212 481
1690 115 644
1691 844 327
1692 495 740
1693 344 236
1694 144 380
1695 366 846
1696 71 354
1697 725 661
1698 903 530
1699 626 371
1700 488 245
1701 597 790
1702 426 495
1703 674 360
1704 239 518
1705 404 580
1706 145 362
1707 916 788
1708 435 325
1709 863 267
1710 172 512
1711 197 476
1712 685 399
1713 478 661
1714 460 698
1715 415 828
1716 305 777
1717 562 357
1718 374 364
1719 827 621
1720 291 548
1721 463 278
1722 255 849
1723 760 479
1724 387 537
1725 795 158
1726 136 50
1727 250 541
1728 305 332
1729 980 335
1730 299 670
1731 930 173
1732 352 107
1733 494 722
1734 411 849
1735 700 79
1736 614 494
1737 730 331
1738 864 559
1739 884 187
1740 162 310
1741 760 58
1742 496 519
1743 328 773
1744 493 783
1745 109 662
1746 886 466
1747 200 346
1748 345 111
1749 429 337
1750 71 82
1751 545 66
1752 100 727
1753 1042 825
1754 344 150
1755 469 830
1756 493 399
1757 457 50
1758 905 466
1759 883 456
1760 62 555
1761 52 574
1762 348 297
1763 797 791
1764 296 266
1765 979 727
1766 477 325
1767 148 474
1768 633 691
1769 609 657
1770 747 602
1771 110 314
1772 952 760
1773 324 347
1774 653 520
1775 920 58
1776 895 468
1777 589 444
1778 262 760
1779 668 568
1780 920 718
1781 52 727
1782 58 252
1783 252 587
1784 72 150
1785 380 233
1786 302 752
1787 956 228
1788 431 101
1789 956 455
1790 346 445
1791 379 719
1792 718 350
1793 1044 227
1794 722 370
1795 610 369
1796 334 625
1797 308 390
1798 744 395
1799 651 73
1800 855 436
1801 760 788
1802 964 428
1803 98 112
1804 510 170
1805 926 173
1806 492 772
1807 711 603
1808 53 318
1809 637 168
1810 483 717
1811 1034 117
1812 1046 262
1813 271 759
1814 301 295
1815 461 616
1816 528 290
1817 919 551
1818 441 578
1819 693 818
1820 752 379
1821 828 191
1822 853 531
1823 993 274
1824 777 230
1825 508 189
1826 205 58
1827 617 474
1828 108 353
1829 881 286
1830 917 420
1831 311 219
1832 368 274
1833 935 501
1834 1049 101
1835 945 350
1836 242 717
1837 203 337
1838 75 763
1839 116 711
1840 973 460
1841 365 473
1842 253 496
1843 410 530
1844 916 470
1845 942 176
1846 442 86
1847 917 280
1848 634 570
1849 346 275
1850 209 298
1851 281 72
1852 272 179
1853 911 727
1854 1010 659
1855 925 176
1856 919 227
1857 172 846
1858 878 321
1859 74 243
1860 353 505
1861 474 128
1862 954 848
1863 66 849
1864 740 141
1865 598 52
1866 180 644
1867 266 228
1868 286 96
1869 916 102
1870 76 365
1871 80 447
1872 425 447
1873 277 112
1874 964 802
1875 164 271
1876 992 127
1877 737 451
1878 680 807
1879 930 155
1880 224 287
1881 493 140
1882 270 329
1883 367 262
1884 608 299
1885 822 529
1886 623 221
1887 215 713
1888 664 596
1889 692 115
1890 156 199
1891 709 411
1892 693 378
1893 735 428
1894 529 719
1895 67 619
1896 531 613
1897 997 656
1898 636 714
1899 92 289
1900 201 549
1901 929 525
1902 966 825
1903 129 290
1904 648 439
1905 181 268
1906 896 803
1907 433 107
1908 148 672
1909 281 239
1910 871 315
1911 758 275
1912 57 433
1913 752 723
1914 313 254
1915 406 555
1916 326 771
1917 578 813
1918 133 307
1919 256 287
1920 597 826
1921 76 271
1922 798 618
1923 858 339
1924 936 356
1925 481 65
1926 928 96
1927 921 392
1928 477 601
1929 964 106
1930 193 599
1931 329 246
1932 523 762
1933 179 838
1934 233 95
1935 992 594
1936 794 499
1937 549 206
1938 682 114
1939 119 711
1940 471 826
1941 956 117
1942 704 529
1943 648 702
1944 813 367
1945 1036 840
1946 713 394
1947 168 280
1948 548 732
1949 721 715
1950 581 243
1951 974 687
1952 205 117
1953 500 64
1954 182 109
1955 50 731
1956 1043 342
1957 311 768
1958 929 451
1959 902 809
1960 475 617
1961 108 577
1962 707 74
1963 768 323
1964 580 383
1965 721 848
1966 101 545
1967 886 748
1968 112 596
1969 310 86
1970 384 848
1971 527 450
1972 984 845
1973 92 405
1974 561 106
1975 208 124
1976 884 378
1977 887 426
1978 165 748
1979 964 492
1980 328 118
1981 237 618
1982 485 605
1983 411 220
1984 871 516
1985 205 358
1986 427 334
1987 852 370
1988 300 241
1989 896 521
1990 227 314
1991 602 141
1992 883 214
1993 195 566
1994 499 676
1995 425 199
1996 924 789
1997 338 300
1998 570 61
1999 305 275
2000 800 281
2001 438 516
2002 732 124
2003 722 669
2004 985 184
2005 480 143
2006 875 678
2007 166 751
2008 78 338
2009 99 473
2010 823 646
2011 331 552
2012 492 720
2013 501 299
2014 639 691
2015 77 196
2016 949 519
2017 486 834
2018 493 174
2019 799 761
2020 709 245
2021 606 603
2022 134 482
2023 75 181
2024 799 512
2025 467 168
2026 591 581
2027 621 579
2028 972 476
2029 64 154
2030 1016 595
2031 731 517
2032 539 163
2033 111 599
2034 316 343
2035 911 408
2036 881 380
2037 88 130
2038 519 580
2039 971 469
2040 755 118
2041 351 823
2042 750 405
2043 731 779
2044 1023 203
2045 313 429
2046 162 499
2047 766 680
2048 926 480
2049 526 52
2050 189 845
2051 309 655
2052 388 353
2053 376 631
2054 538 350
2055 266 737
2056 70 359
2057 843 697
2058 385 396
2059 250 470
2060 610 659
2061 850 665
2062 648 133
2063 651 802
2064 762 498
2065 640 719
2066 762 769
2067 462 498
2068 57 536
2069 52 270
2070 572 69
2071 1021 526
2072 243 583
2073 410 226
2074 642 668
2075 117 503
2076 537 231
2077 137 849
2078 822 381
2079 733 167
2080 562 845
2081 103 124
2082 681 650
2083 429 757
2084 139 182
2085 806 572
2086 424 492
2087 328 80
2088 96 394
2089 114 487
2090 311 825
2091 1041 417
2092 960 379
2093 729 234
2094 281 816
2095 441 363
2096 948 709
2097 337 205
2098 397 282
2099 759 524
2100 183 269
2101 564 404
2102 354 136
2103 446 667
2104 799 132
2105 542 219
2106 700 729
2107 754 234
2108 146 515
2109 789 343
2110 507 146
2111 274 450
2112 698 174
2113 944 505
2114 795 517
2115 335 75
2116 617 659
2117 857 459
2118 950 109
2119 627 323
2120 429 234
2121 274 82
2122 1035 782
2123 891 260
2124 508 276
2125 547 76
2126 378 791
2127 213 672
2128 832 445
2129 274 593
2130 245 385
2131 562 774
2132 261 187
2133 744 116
2134 257 590
2135 860 828
2136 661 814
2137 883 705
2138 522 492
2139 305 100
2140 994 64
2141 614 478
2142 129 786
2143 437 665
2144 804 261
2145 665 299
2146 937 192
2147 499 209
2148 422 761
2149 879 484
2150 853 800
2151 429 346
2152 637 198
2153 939 571
2154 1044 329
2155 703 734
2156 1048 733
2157 1009 384
2158 597 152
2159 463 737
2160 472 313
2161 83 59
2162 819 374
2163 223 735
2164 753 450
2165 1001 238
2166 897 599
2167 209 304
2168 671 293
2169 1023 405
2170 805 183
2171 777 486
2172 114 254
2173 50 423
2174 569 604
2175 831 491
2176 970 79
2177 195 308
2178 869 89
2179 1010 614
2180 802 520
2181 618 678
2182 350 678
2183 133 788
2184 432 127
2185 1035 546
2186 154 362
2187 549 464
2188 635 567
2189 292 774
2190 1001 212
2191 504 205
2192 628 827
2193 780 170
2194 989 283
2195 223 280
2196 861 769
2197 726 193
2198 586 642
2199 516 472
2200 908 136
2201 859 662
2202 174 376
2203 196 496
2204 376 60
2205 875 305
2206 401 465
2207 1046 473
2208 626 271
2209 292 370
2210 566 304
2211 1026 778
2212 917 351
2213 880 338
2214 416 511
2215 483 210
2216 711 245
2217 219 710
2218 741 275
2219 629 90
2220 53 289
2221 91 477
2222 430 778
2223 934 101
2224 706 608
2225 94 735
2226 956 621
2227 264 816
2228 720 408
2229 422 365
2230 956 688
2231 789 628
2232 540 312
2233 56 326
2234 236 527
2235 665 225
2236 822 539
2237 944 189
2238 667 305
2239 52 835
2240 1006 419
2241 94 645
2242 52 102
2243 165 350
2244 664 383
2245 419 327
2246 459 522
2247 983 307
2248 208 775
2249 332 72
2250 718 482
2251 1015 379
2252 542 540
2253 229 710
2254 540 443
2255 139 840
2256 267 811
2257 815 569
2258 297 143
2259 636 264
2260 554 296
2261 1043 276
2262 440 513
2263 892 835
2264 823 245
2265 364 418
2266 647 637
2267 513 634
2268 491 602
2269 312 779
2270 126 347
2271 495 744
2272 453 364
2273 511 110
2274 847 603
2275 721 546
2276 409 552
2277 610 487
2278 367 744
2279 521 792
2280 1013 502
2281 637 264
2282 587 791
2283 675 275
2284 143 360
2285 828 289
2286 108 486
2287 454 343
2288 144 698
2289 657 793
2290 699 159
2291 778 224
2292 459 753
2293 884 724
2294 236 756
2295 385 646
2296 181 798
2297 969 301
2298 399 98
2299 586 603
2300 574 666
2301 565 219
2302 906 496
2303 809 233
2304 943 553
2305 897 429
2306 271 239
2307 104 406
2308 50 57
2309 917 495
2310 876 505
2311 665 193
2312 693 609
2313 101 325
2314 598 755
2315 801 292
2316 302 100
2317 87 173
2318 724 141
2319 966 434
2320 767 590
2321 315 159
2322 538 286
2323 817 375
2324 859 179
2325 393 333
2326 618 266
2327 925 61
2328 439 244
2329 518 325
2330 836 638
2331 461 483
2332 721 539
2333 239 108
2334 415 368
2335 1041 197
2336 980 379
2337 915 674
2338 309 417
2339 713 217
2340 978 339
2341 452 514
2342 626 508
2343 168 749
2344 688 298
2345 166 384
2346 269 630
2347 954 140
2348 581 177
2349 575 811
2350 94 717
2351 621 664
2352 818 262
2353 613 714
2354 198 683
2355 667 686
2356 634 109
2357 538 673
2358 609 323
2359 110 679
2360 963 822
2361 699 651
2362 398 144
2363 1027 819
2364 772 316
2365 732 830
2366 1037 218
2367 895 445
2368 532 354
2369 141 812
2370 199 50
2371 844 396
2372 793 405
2373 855 830
2374 706 530
2375 1028 637
2376 910 622
2377 551 120
2378 722 735
2379 564 332
2380 546 399
2381 834 250
2382 144 201
2383 843 202
2384 728 579
2385 335 827
2386 1007 615
2387 1032 517
2388 401 576
2389 256 781
2390 169 670
2391 822 389
2392 779 293
2393 264 542
2394 645 568
2395 162 682
2396 829 126
2397 669 658
2398 108 847
2399 275 561
2400 456 317
2401 55 364
2402 127 801
2403 265 846
2404 503 832
2405 87 355
2406 642 90
2407 823 657
2408 663 272
2409 737 431
2410 436 751
2411 961 547
2412 655 701
2413 609 571
2414 148 95
2415 406 71
2416 745 612
2417 249 209
2418 493 82
2419 974 59
2420 646 683
2421 529 660
2422 458 507
2423 300 790
2424 886 417
2425 501 607
2426 66 600
2427 1036 617
2428 413 161
2429 467 296
2430 381 590
2431 558 640
2432 366 397
2433 57 257
2434 228 687
2435 129 512
2436 876 564
2437 426 563
2438 716 117
2439 704 360
2440 363 430
2441 114 98
2442 291 102
2443 584 306
2444 859 796
2445 869 558
2446 121 144
2447 703 368
2448 1021 139
2449 59 462
2450 440 843
2451 862 81
2452 1003 303
2453 311 820
2454 140 540
2455 136 763
2456 195 330
2457 547 109
2458 500 526
2459 776 144
2460 877 292
2461 332 352
2462 638 120
2463 958 619
2464 776 337
2465 748 460
2466 454 539
2467 1018 706
2468 296 144
2469 738 812
2470 71 643
2471 439 771
2472 339 584
2473 827 148
2474 911 515
2475 1001 312
2476 774 779
2477 205 210
2478 247 155
2479 975 677
2480 148 149
2481 606 687
2482 673 627
2483 353 518
2484 503 268
2485 592 750
2486 416 159
2487 698 500
2488 972 94
2489 88 489
2490 306 282
2491 534 638
2492 619 775
2493 306 217
2494 929 845
2495 573 690
2496 437 778
2497 414 812
2498 165 743
2499 206 83
2500 996 693
2501 758 686
2502 555 643
2503 292 449
2504 725 416
2505 453 387
2506 937 295
2507 188 150
2508 408 364
2509 384 552
2510 918 545
2511 452 357
2512 126 69
2513 1048 407
2514 582 778
2515 453 155
2516 1026 193
2517 982 641
2518 556 708
2519 538 320
2520 705 160
2521 742 755
2522 966 349
2523 982 148
2524 681 748
2525 324 212
2526 652 332
2527 737 756
2528 765 120
2529 377 483
2530 169 464
2531 356 660
2532 790 451
2533 774 122
2534 768 406
2535 591 67
2536 683 276
2537 70 79
2538 319 401
2539 1017 556
2540 506 700
2541 872 752
2542 335 385
2543 120 593
2544 964 729
2545 779 388
2546 737 495
2547 796 848
2548 1028 751
2549 712 782
2550 410 140
2551 936 416
2552 608 590
2553 691 75
2554 775 215
2555 201 210
2556 134 593
2557 250 240
2558 969 150
2559 724 466
2560 1008 123
2561 468 78
2562 970 473
2563 363 356
2564 784 89
2565 1034 112
2566 614 412
2567 81 809
2568 228 100
2569 1008 474
2570 939 195
2571 825 282
2572 746 798
2573 908 809
2574 960 573
2575 626 745
2576 228 273
2577 542 342
2578 641 803
2579 469 612
2580 109 405
2581 1038 757
2582 168 663
2583 597 787
2584 1026 233
2585 425 784
2586 565 456
2587 53 183
2588 794 535
2589 1004 750
2590 119 106
2591 685 651
2592 326 82
2593 142 720
2594 153 192
2595 533 228
2596 929 632
2597 1010 144
2598 525 404
2599 664 178
2600 216 273
2601 202 641
2602 427 346
2603 314 95
2604 618 560
2605 261 660
2606 299 402
2607 330 76
2608 472 207
2609 169 335
2610 110 709
2611 816 440
2612 734 820
2613 369 757
2614 288 613
2615 255 730
2616 872 433
2617 311 514
2618 633 815
2619 548 740
2620 901 413
2621 418 78
2622 894 457
2623 876 480
2624 359 381
2625 673 231
2626 452 390
2627 593 500
2628 905 287
2629 630 697
2630 542 351
2631 526 511
2632 351 347
2633 1004 135
2634 145 505
2635 598 475
2636 88 626
2637 665 784
2638 286 163
2639 928 91
2640 551 369
2641 764 301
2642 560 310
2643 685 204
2644 805 524
2645 895 367
2646 785 533
2647 904 629
2648 680 485
2649 861 579
2650 577 364
2651 332 536
2652 895 548
2653 949 79
2654 191 435
2655 665 625
2656 1019 221
2657 309 340
2658 149 810
2659 104 467
2660 856 143
2661 311 203
2662 415 508
2663 865 656
2664 345 97
2665 718 746
2666 884 830
2667 388 335
2668 1006 453
2669 513 126
2670 131 334
2671 324 821
2672 985 759
2673 727 176
2674 559 118
2675 165 95
2676 972 829
2677 489 194
2678 979 168
2679 279 228
2680 988 101
2681 667 113
2682 462 65
2683 343 116
2684 569 555
2685 947 786
2686 712 775
2687 749 637
2688 531 402
2689 528 438
2690 187 237
2691 832 802
2692 742 424
2693 771 264
2694 106 588
2695 1027 324
2696 806 516
2697 641 395
2698 76 137
2699 691 731
2700 651 265
2701 470 542
2702 529 756
2703 599 700
2704 694 290
2705 114 441
2706 883 388
2707 654 562
2708 673 230
2709 920 527
2710 319 317
2711 852 742
2712 915 755
2713 1010 588
2714 721 492
2715 1012 56
2716 777 627
2717 902 182
2718 179 614
2719 518 837
2720 158 636
2721 619 462
2722 926 655
2723 98 225
2724 603 169
2725 540 685
2726 118 495
2727 115 796
2728 463 676
2729 67 713
2730 617 156
2731 997 223
2732 551 606
2733 871 783
2734 88 404
2735 479 813
2736 238 82
2737 374 584
2738 653 129
2739 1017 612
2740 566 295
2741 459 502
2742 651 757
2743 847 411
2744 957 621
2745 800 437
2746 841 365
2747 443 452
2748 65 124
2749 588 124
2750 966 304
2751 806 72
2752 659 186
2753 223 380
2754 438 79
2755 623 303
2756 439 499
2757 185 573
2758 763 132
2759 705 279
2760 634 320
2761 158 453
2762 196 596
2763 737 154
2764 506 675
2765 331 722
2766 1017 431
2767 598 555
2768 1025 647
2769 586 412
2770 563 300
2771 239 534
2772 210 545
2773 682 822
2774 113 368
2775 760 740
2776 802 691
2777 127 684
2778 854 421
2779 204 183
2780 792 230
2781 79 740
2782 251 420
2783 131 328
2784 196 173
2785 730 287
2786 491 846
2787 398 781
2788 187 230
2789 161 342
2790 729 556
2791 118 150
2792 281 793
2793 64 799
2794 699 436
2795 648 685
2796 341 409
2797 564 519
2798 962 68
2799 843 212
2800 80 352
2801 77 342
2802 383 743
2803 343 328
2804 205 564
2805 956 656
2806 335 429
2807 791 513
2808 946 486
2809 1022 497
2810 440 500
2811 216 273
2812 342 464
2813 422 782
2814 953 163
2815 215 802
2816 960 84
2817 598 824
2818 613 523
2819 655 155
2820 886 769
2821 703 89
2822 816 358
2823 472 697
2824 891 847
2825 1027 502
2826 368 506
2827 704 503
2828 750 223
2829 809 109
2830 988 789
2831 678 72
2832 721 381
2833 545 534
2834 528 463
2835 985 441
2836 704 800
2837 252 836
2838 751 525
2839 300 370
2840 630 806
2841 421 739
2842 943 346
2843 773 595
2844 779 474
2845 121 345
2846 464 845
2847 513 409
2848 311 144
2849 978 102
2850 956 519
2851 914 440
2852 183 741
2853 896 69
2854 976 596
2855 80 320
2856 167 353
2857 1030 363
2858 321 615
2859 363 825
2860 471 438
2861 475 357
2862 888 191
2863 727 456
2864 862 832
2865 677 155
2866 270 231
2867 733 778
2868 777 164
2869 967 369
2870 1032 463
2871 1008 438
2872 628 563
2873 868 354
2874 651 278
2875 317 829
2876 119 166
2877 345 197
2878 824 641
2879 89 619
2880 178 512
2881 798 490
2882 481 418
2883 831 709
2884 512 817
2885 805 251
2886 634 243
2887 919 297
2888 632 144
2889 961 93
2890 832 698
2891 967 691
2892 358 285
2893 504 206
2894 869 133
2895 214 788
2896 454 583
2897 857 102
2898 545 141
2899 947 763
2900 105 289
2901 806 472
2902 570 500
2903 274 238
2904 478 492
2905 243 592
2906 580 648
2907 462 111
2908 866 113
2909 284 371
2910 513 128
2911 680 825
2912 959 678
2913 570 164
2914 403 763
2915 662 737
2916 528 518
2917 966 571
2918 84 806
2919 604 535
2920 891 635
2921 148 333
2922 844 116
2923 110 324
2924 1029 662
2925 81 169
2926 858 485
2927 75 556
2928 721 82
2929 317 823
2930 633 577
2931 179 427
2932 465 214
2933 82 152
2934 981 444
2935 233 345
2936 922 337
2937 698 555
2938 1043 658
2939 114 520
2940 812 126
2941 428 675
2942 860 553
2943 148 482
2944 864 320
2945 758 275
2946 737 723
2947 1047 813
2948 168 612
2949 1036 100
2950 160 843
2951 335 136
2952 657 547
2953 104 219
2954 309 693
2955 1031 621
2956 763 510
2957 823 502
2958 665 800
2959 926 207
2960 79 386
2961 1018 173
2962 87 517
2963 174 539
2964 536 772
2965 225 371
2966 225 102
2967 791 664
2968 722 68
2969 153 819
2970 143 529
2971 616 232
2972 398 779
2973 855 53
2974 303 93
2975 1022 231
2976 691 782
2977 243 568
2978 389 746
2979 539 521
2980 854 490
2981 54 183
2982 637 354
2983 1048 573
2984 954 104
2985 771 838
2986 123 668
2987 634 78
2988 80 696
2989 713 404
2990 345 85
2991 592 286
2992 80 567
2993 214 713
2994 697 55
2995 498 170
2996 326 587
2997 749 294
2998 822 755
2999 579 715
3000 981 387
